Index	Index	ICD10	Score	P-value
1458	1458	G629	153989.86533131736	0.0
3253	3253	M6281	139777.5633516076	0.0
4205	4205	R268	131385.38311258302	0.0
4218	4218	R32	122550.46812038757	0.0
1699	1699	H919	118506.08981781562	0.0
4272	4272	R53	105600.03723545601	0.0
4199	4199	R252	103575.60816877247	0.0
2364	2364	K590	83187.10620628648	0.0
4368	4368	R91	80841.1893497747	0.0
3368	3368	M7960	79493.91325373724	0.0
4140	4140	R060	75452.2683526658	0.0
4224	4224	R391	74981.2861554126	0.0
1731	1731	I10	71667.75411850357	0.0
4139	4139	R05	69220.50865746752	0.0
4161	4161	R11	68869.06845969029	0.0
4213	4213	R296	68631.98099657719	0.0
4221	4221	R35	67947.5332143279	0.0
1405	1405	G470	66494.04028287629	0.0
1121	1121	E785	66210.6323243672	0.0
4381	4381	R943	64244.171465687235	0.0
1222	1222	F329	62225.601793886766	0.0
4235	4235	R42	61043.67348035984	0.0
4234	4234	R418	58328.173222341575	0.0
4156	4156	R098	57526.58618825881	0.0
3255	3255	M6283	57109.919824551296	0.0
4330	4330	R798	55830.74949627071	0.0
1088	1088	E559	54437.3967847825	0.0
1131	1131	E86	53750.14152083288	0.0
3612	3612	N390	52409.79135585467	0.0
2242	2242	K219	52300.75964888547	0.0
4286	4286	R609	50951.07253554353	0.0
2173	2173	J981	49276.042903809735	0.0
1243	1243	F419	47840.77557253661	0.0
4198	4198	R251	47447.04354043741	0.0
4284	4284	R600	47445.4474877356	0.0
3555	3555	N179	47363.563995960954	0.0
1138	1138	E876	45893.982646241544	0.0
1133	1133	E871	44994.459039795656	0.0
4308	4308	R730	44781.282459866605	0.0
2981	2981	M2555	42942.540160471806	0.0
1691	1691	H905	42457.686677712525	0.0
2147	2147	J90	42145.8389542029	0.0
2852	2852	M1990	40821.43408146273	0.0
3614	3614	N394	40381.45372305836	0.0
3376	3376	M7989	40229.54445363972	0.0
4184	4184	R21	40110.80623287839	0.0
2002	2002	I959	39931.07334070561	0.0
3257	3257	M6289	39779.65832467624	0.0
4271	4271	R51	39356.58149141709	0.0
2977	2977	M2551	39234.26955706375	0.0
4152	4152	R090	38802.39241976154	0.0
2052	2052	J189	38744.89519669145	0.0
4158	4158	R101	38156.46669657934	0.0
4270	4270	R509	38121.0733841595	0.0
1450	1450	G589	37879.05435673105	0.0
4292	4292	R634	37789.4184635319	0.0
4214	4214	R300	36994.87089818557	0.0
64	64	A419	36934.32554308752	0.0
4201	4201	R258	36685.79581274437	0.0
1495	1495	G934	36650.21460625098	0.0
4219	4219	R33	36275.78805275934	0.0
4179	4179	R200	36033.19520673623	0.0
3374	3374	M7967	35577.04754399656	0.0
1689	1689	H903	35123.64702341467	0.0
4303	4303	R688	34766.60021676314	0.0
2982	2982	M2556	34671.74296275324	0.0
4125	4125	R000	34665.63595402195	0.0
4127	4127	R002	33708.39220283969	0.0
1240	1240	F411	32947.71202029402	0.0
4181	4181	R202	32936.907533382044	0.0
3395	3395	M8580	32210.674884912503	0.0
4233	4233	R413	31761.86532341427	0.0
1622	1622	H524	31499.298414061603	0.0
3157	3157	M4781	30892.970900357883	0.0
2728	2728	L989	29826.885204692033	0.0
929	929	D696	29792.822482339176	0.0
4288	4288	R630	28503.851476716427	0.0
4164	4164	R14	28094.348205645885	0.0
970	970	E039	27966.586352036284	0.0
4230	4230	R410	27519.702156988267	0.0
1134	1134	E872	27099.498810222616	0.0
2023	2023	J069	26766.454018834127	0.0
1006	1006	E119	26762.656615289212	0.0
4311	4311	R748	26159.535555262526	0.0
1649	1649	H612	26158.701377976555	0.0
1559	1559	H251	26152.750662180595	0.0
1763	1763	I251	26005.684552221053	0.0
1566	1566	H269	25845.880922537934	0.0
1139	1139	E877	25621.808668485686	0.0
3599	3599	N328	25612.49658631898	0.0
918	918	D62	25605.89963855351	0.0
1860	1860	I498	25080.6537053642	0.0
4217	4217	R31	25012.394837379718	0.0
4206	4206	R270	24991.799353012255	0.0
3561	3561	N189	24904.457826927402	0.0
2175	2175	J984	24722.706182699556	0.0
2976	2976	M2550	24494.01888914234	0.0
1127	1127	E834	24426.897371230276	0.0
1137	1137	E875	23601.970602017318	0.0
887	887	D509	23107.691317620935	0.0
1248	1248	F432	22828.50858681557	0.0
2826	2826	M171	22791.916556025433	0.0
1631	1631	H538	22324.915999854795	0.0
2405	2405	K648	22291.105296102956	0.0
3617	3617	N40	22265.882648044368	0.0
3182	3182	M503	22258.070856477116	0.0
2685	2685	L82	22244.128020889657	0.0
4310	4310	R740	22242.755511741783	0.0
1408	1408	G473	22187.928055636305	0.0
4160	4160	R103	21680.643213245872	0.0
4309	4309	R739	21520.638931460395	0.0
1735	1735	I129	21451.589088814435	0.0
2135	2135	J81	21428.99776017066	0.0
3371	3371	M7964	21384.947145147387	0.0
4204	4204	R262	21287.990146700067	0.0
4331	4331	R799	21187.217344223343	0.0
3583	3583	N289	21037.448634554978	0.0
3558	3558	N183	20499.977387508472	0.0
1703	1703	H931	20340.099767417945	0.0
4148	4148	R068	19997.903762160135	0.0
2357	2357	K573	19957.858958361725	0.0
1128	1128	E835	19908.458050758807	0.0
1231	1231	F341	19832.66268665779	0.0
1853	1853	I489	19321.35183024567	0.0
1084	1084	E538	19158.074458353716	0.0
4370	4370	R930	19112.110384758715	0.0
4178	4178	R198	19063.345535090088	0.0
1863	1863	I509	19038.67452962976	0.0
2294	2294	K318	18712.152467210428	0.0
1110	1110	E669	18379.57493027257	0.0
1004	1004	E116	18366.25807690004	0.0
3160	3160	M4802	18099.96071167682	0.0
4226	4226	R398	17784.615510411604	0.0
1410	1410	G479	17610.383020194648	0.0
4269	4269	R508	17564.555341262756	0.0
2451	2451	K768	17431.17884403687	0.0
3188	3188	M5137	17365.96028746577	0.0
4274	4274	R55	17206.045124141634	0.0
4327	4327	R788	17026.52913914567	0.0
595	595	C795	16936.322986623472	0.0
2116	2116	J449	16880.297578205013	0.0
295	295	B968	16869.72300702898	0.0
1454	1454	G620	16846.711050886912	0.0
3164	3164	M4806	16716.10421621793	0.0
921	921	D638	16403.227284070046	0.0
4298	4298	R652	16363.3260590196	0.0
1861	1861	I499	16253.020427184472	0.0
2510	2510	L039	16238.959330604419	0.0
4170	4170	R18	16161.583223937767	0.0
1076	1076	E46	16113.168351738746	0.0
1242	1242	F418	16037.17752032735	0.0
3772	3772	N952	15994.174714235274	0.0
1901	1901	I639	15945.087460794864	0.0
2573	2573	L299	15834.495026707897	0.0
1431	1431	G560	15635.961638117376	0.0
2983	2983	M2557	15596.18403651953	0.0
2841	2841	M1904	15580.997409487587	0.0
2283	2283	K297	15564.17115129297	0.0
4207	4207	R278	15471.87292389925	0.0
1632	1632	H539	15418.537478398193	0.0
4383	4383	R945	15409.146122251253	0.0
1499	1499	G938	15396.750682756934	0.0
1002	1002	E114	15366.281632781322	0.0
2500	2500	K921	15208.852219790248	0.0
1505	1505	G959	15054.233149388863	0.0
1999	1999	I951	14994.747276724092	0.0
4258	4258	R471	14942.312620232951	0.0
2617	2617	L570	14838.845212597143	0.0
192	192	B351	14715.376995407374	0.0
4176	4176	R195	14401.085385118418	0.0
4283	4283	R599	14395.428310322906	0.0
2083	2083	J348	14190.370550437185	0.0
1871	1871	I519	14159.175716764988	0.0
2979	2979	M2553	14112.665238627433	0.0
3771	3771	N951	13877.308935133848	0.0
1845	1845	I471	13763.991602220653	0.0
4165	4165	R15	13654.414579038	0.0
4342	4342	R829	13618.913261403053	0.0
4132	4132	R030	13617.460824958007	0.0
4210	4210	R292	13565.747216468118	0.0
4159	4159	R102	13557.079099710336	0.0
3206	3206	M5416	13543.926761216195	0.0
3769	3769	N949	13519.406523232292	0.0
2104	2104	J40	13460.225007957028	0.0
1446	1446	G579	13419.783924057214	0.0
718	718	D126	13410.702288981875	0.0
4264	4264	R490	13407.664861966772	0.0
4200	4200	R253	13322.473785023409	0.0
2125	2125	J690	13241.721503773844	0.0
3737	3737	N898	13236.723195719327	0.0
2231	2231	K137	13234.764757221212	0.0
1360	1360	G20	13186.833261400825	0.0
3613	3613	N393	13104.10398757491	0.0
3551	3551	N170	12979.609315177104	0.0
3209	3209	M5430	12967.715020913041	0.0
1869	1869	I517	12959.644734690246	0.0
4293	4293	R635	12886.335295309196	0.0
4227	4227	R400	12879.572468657003	0.0
2167	2167	J9601	12852.807228228738	0.0
2166	2166	J9600	12838.875522371167	0.0
2501	2501	K922	12746.736658243195	0.0
4377	4377	R937	12694.415587813233	0.0
2225	2225	K123	12631.461166096424	0.0
880	880	D485	12608.70404586339	0.0
581	581	C780	12573.621246292914	0.0
1620	1620	H521	12560.719879018836	0.0
1904	1904	I652	12454.202185081827	0.0
2295	2295	K319	12440.47909491741	0.0
2017	2017	J029	12437.112333882973	0.0
4126	4126	R001	12369.011690765039	0.0
4375	4375	R935	12354.298903297442	0.0
1118	1118	E782	12217.981287839191	0.0
1848	1848	I480	12161.94675636133	0.0
2679	2679	L814	12161.717355464463	0.0
599	599	C799	12150.705126393748	0.0
4297	4297	R651	12032.677660725387	0.0
4193	4193	R232	11607.8943689546	0.0
2075	2075	J329	11577.360919873845	0.0
4373	4373	R933	11551.549977161889	0.0
2322	2322	K449	11531.606350005699	0.0
2343	2343	K529	11514.242695032031	0.0
203	203	B370	11510.38068755234	0.0
3159	3159	M4800	11478.681344920518	0.0
1761	1761	I248	11445.957193602388	0.0
1165	1165	F09	11439.139355228126	0.0
4185	4185	R220	11386.515526027932	0.0
3202	3202	M5412	11366.101508575746	0.0
2452	2452	K769	11349.115221337086	0.0
3700	3700	N818	11297.681619736493	0.0
960	960	D899	11198.43273510318	0.0
2509	2509	L029	11191.29695267101	0.0
884	884	D500	11180.579966765814	0.0
3594	3594	N319	11146.45367476606	0.0
302	302	B99	11069.70068277803	0.0
1000	1000	E112	11059.038078969019	0.0
1987	1987	I872	11039.401249913823	0.0
2521	2521	L089	11036.934286040065	0.0
1072	1072	E43	10976.490473093087	0.0
1772	1772	I269	10962.923961916731	0.0
598	598	C798	10949.120486007303	0.0
3212	3212	M5440	10907.788927624752	0.0
2396	2396	K635	10893.405705431122	0.0
2397	2397	K638	10875.662313171415	0.0
3584	3584	N300	10833.073391020054	0.0
4378	4378	R938	10774.668885577927	0.0
2825	2825	M170	10675.045904885295	0.0
4304	4304	R69	10675.02519818521	0.0
2580	2580	L309	10667.942498905844	0.0
1490	1490	G92	10600.551559911102	0.0
2386	2386	K625	10443.13575138455	0.0
3593	3593	N318	10434.36734288207	0.0
4379	4379	R940	10353.247059964902	0.0
2455	2455	K802	10232.552013908324	0.0
2171	2171	J9691	10225.583061466154	0.0
920	920	D631	10224.32879951429	0.0
4332	4332	R80	10151.372621285489	0.0
1638	1638	H547	10134.850190486331	0.0
4267	4267	R498	10129.295763718412	0.0
1700	1700	H920	10052.248323990914	0.0
1587	1587	H409	10050.837013279954	0.0
4296	4296	R64	10039.514745421404	0.0
2219	2219	K117	10027.423990035002	0.0
1473	1473	G819	10006.96234146492	0.0
1140	1140	E878	10002.035240828747	0.0
4142	4142	R062	9911.596782529215	0.0
2406	2406	K649	9883.58627772975	0.0
1250	1250	F439	9815.660794423778	0.0
2838	2838	M1901	9798.684740394343	0.0
4186	4186	R221	9784.82018499285	0.0
4367	4367	R908	9770.836984694768	0.0
4150	4150	R071	9690.482898065926	0.0
3352	3352	M7689	9651.975591529832	0.0
4183	4183	R208	9624.116188958971	0.0
3373	3373	M7966	9621.217373473846	0.0
969	969	E038	9573.408434778736	0.0
1951	1951	I739	9573.28553078621	0.0
2559	2559	L259	9539.475152936888	0.0
3201	3201	M5410	9526.37638754456	0.0
1898	1898	I635	9504.135641515779	0.0
3383	3383	M8448	9491.418166391923	0.0
2831	2831	M179	9482.546565814675	0.0
2973	2973	M2546	9459.556524731572	0.0
1401	1401	G459	9444.91603988403	0.0
4171	4171	R190	9398.866460037576	0.0
1920	1920	I678	9323.89906947842	0.0
1764	1764	I252	9206.832082261955	0.0
1732	1732	I110	9191.29299152312	0.0
4190	4190	R229	9075.227134506194	0.0
919	919	D630	8960.547978347655	0.0
2684	2684	L819	8866.795992345697	0.0
588	588	C787	8862.159073669965	0.0
774	774	D229	8758.162144671267	0.0
1619	1619	H520	8747.90680890365	0.0
928	928	D695	8740.433915726546	0.0
2285	2285	K299	8697.972450906704	0.0
301	301	B978	8688.371004453611	0.0
4253	4253	R458	8683.993228700156	0.0
3557	3557	N182	8660.794243348028	0.0
4281	4281	R590	8659.09473207187	0.0
3213	3213	M5441	8644.373309625631	0.0
1366	1366	G250	8464.593561930893	0.0
289	289	B962	8439.35872057514	0.0
194	194	B353	8416.726275384688	0.0
1368	1368	G252	8377.018130031287	0.0
147	147	B029	8357.447392580272	0.0
3658	3658	N644	8337.215893246412	0.0
4257	4257	R470	8312.034776068765	0.0
4259	4259	R478	8249.783544859161	0.0
9	9	A047	8249.771924414339	0.0
2842	2842	M1907	8240.098166168898	0.0
4246	4246	R451	8231.27678410943	0.0
62	62	A415	8208.200203626746	0.0
2178	2178	J988	8135.352882709947	0.0
1433	1433	G562	8124.959401724398	0.0
81	81	A498	8099.408255747767	0.0
4369	4369	R92	8084.372251455443	0.0
3768	3768	N948	8061.30637417539	0.0
3214	3214	M5442	8059.613901137354	0.0
1846	1846	I472	8041.317316928165	0.0
2872	2872	M2141	7977.368262885043	0.0
2873	2873	M2142	7955.4743336146885	0.0
1132	1132	E870	7953.241188781271	0.0
4196	4196	R238	7927.509913398753	0.0
2824	2824	M169	7907.815716923262	0.0
771	771	D225	7887.504649465579	0.0
4301	4301	R682	7879.009375257519	0.0
1626	1626	H532	7869.520288494794	0.0
1234	1234	F39	7833.678594029298	0.0
1850	1850	I482	7807.988399663703	0.0
1154	1154	F028	7794.974827313709	0.0
4187	4187	R222	7788.480312928339	0.0
1005	1005	E118	7779.211098757644	0.0
3581	3581	N281	7721.878750816254	0.0
4316	4316	R768	7720.819711254554	0.0
2978	2978	M2552	7631.101827372077	0.0
2870	2870	M2137	7583.748028115991	0.0
4384	4384	R946	7566.341536696708	0.0
2170	2170	J9690	7553.487404517015	0.0
2687	2687	L84	7529.6575652380525	0.0
637	637	C900	7496.519423076905	0.0
2403	2403	K644	7464.775805026004	0.0
2638	2638	L659	7458.915815838574	0.0
4136	4136	R042	7454.295112223604	0.0
1690	1690	H904	7440.492836096994	0.0
899	899	D539	7419.730887047846	0.0
594	594	C794	7410.355844006601	0.0
2695	2695	L899	7375.310418688355	0.0
458	458	C449	7356.485522452315	0.0
4151	4151	R072	7352.2719872935	0.0
2115	2115	J441	7337.773708461708	0.0
280	280	B952	7337.505673453534	0.0
1841	1841	I458	7326.2809326919805	0.0
1371	1371	G258	7265.640223903091	0.0
3563	3563	N200	7257.083040185468	0.0
1497	1497	G936	7251.963967449051	0.0
2001	2001	I958	7249.507453369359	0.0
3207	3207	M5417	7218.902519167761	0.0
2363	2363	K589	7178.714432809906	0.0
783	783	D239	7174.727834700739	0.0
1679	1679	H811	7130.396972325996	0.0
2561	2561	L270	7095.627750024432	0.0
4128	4128	R008	7093.851158964772	0.0
2066	2066	J310	7078.155059283888	0.0
1048	1048	E274	7071.675459104763	0.0
593	593	C793	7034.308784390036	0.0
1269	1269	F510	7006.029640588812	0.0
1500	1500	G939	7000.121818326926	0.0
2818	2818	M161	6991.5234316749775	0.0
886	886	D508	6968.335077813358	0.0
3245	3245	M6250	6958.9239035130695	0.0
3499	3499	M9983	6950.154343425274	0.0
1457	1457	G628	6906.337630026925	0.0
3562	3562	N19	6856.041795653703	0.0
2474	2474	K838	6850.0938608142515	0.0
3187	3187	M512	6830.459701464625	0.0
2727	2727	L988	6821.511075284144	0.0
4134	4134	R040	6821.498786276361	0.0
2006	2006	I99	6821.465744662074	0.0
2050	2050	J181	6814.918746670956	0.0
2444	2444	K760	6708.723985907145	0.0
3654	3654	N63	6700.964219894703	0.0
2223	2223	K121	6687.054235537851	0.0
1736	1736	I130	6683.396219775923	0.0
212	212	B379	6675.2869213445865	0.0
580	580	C779	6660.544670002993	0.0
3067	3067	M4120	6648.234239260843	0.0
1792	1792	I330	6634.7793293616305	0.0
1383	1383	G35	6613.514664617096	0.0
755	755	D180	6607.6620503720005	0.0
1928	1928	I7021	6583.21734332882	0.0
2057	2057	J209	6509.606759670235	0.0
4280	4280	R58	6506.035567193482	0.0
2666	2666	L738	6468.657455086917	0.0
1224	1224	F331	6457.421801468254	0.0
136	136	B009	6432.315677173042	0.0
2165	2165	J958	6427.1135575894305	0.0
2240	2240	K20	6412.214940779316	0.0
1659	1659	H669	6407.783768054052	0.0
1483	1483	G839	6390.824087718952	0.0
2691	2691	L853	6368.249358279407	0.0
2609	2609	L539	6316.040071069484	0.0
1988	1988	I878	6270.885652847394	0.0
3372	3372	M7965	6267.197597398402	0.0
285	285	B957	6250.309335368531	0.0
2286	2286	K30	6221.405822791455	0.0
1031	1031	E222	6216.551264332371	0.0
1221	1221	F328	6192.157350286628	0.0
2282	2282	K296	6162.237040232257	0.0
1462	1462	G709	6145.155125411039	0.0
3559	3559	N184	6121.304635327646	0.0
3192	3192	M5380	6113.452491421877	0.0
1136	1136	E874	6104.687435865116	0.0
1106	1106	E660	6098.010313161969	0.0
4273	4273	R54	6047.668415797394	0.0
3590	3590	N309	6016.068382486809	0.0
2281	2281	K295	5930.610562836058	0.0
4162	4162	R12	5924.323387420938	0.0
2091	2091	J380	5923.779964001508	0.0
1752	1752	I214	5917.149198599574	0.0
2389	2389	K628	5856.7112839093	0.0
4149	4149	R070	5843.902413086144	0.0
1229	1229	F339	5842.40734600376	0.0
1773	1773	I270	5827.19499224325	0.0
1246	1246	F430	5823.003929533277	0.0
1170	1170	F112	5799.974961142919	0.0
1623	1623	H526	5737.71730195667	0.0
1776	1776	I278	5737.66422759289	0.0
1640	1640	H571	5728.204894200419	0.0
989	989	E079	5726.362937760297	0.0
3262	3262	M6530	5722.693496168578	0.0
82	82	A499	5716.662282739591	0.0
2353	2353	K567	5712.59796411627	0.0
77	77	A490	5710.423070680244	0.0
1019	1019	E162	5662.495867560146	0.0
3537	3537	N133	5653.758754895689	0.0
2241	2241	K210	5644.715322639126	0.0
1135	1135	E873	5640.524362156145	0.0
3150	3150	M4712	5640.15148989808	0.0
1694	1694	H908	5635.033013490392	0.0
1102	1102	E639	5625.383821598678	0.0
206	206	B373	5617.600615936645	0.0
288	288	B961	5611.959651320761	0.0
4279	4279	R579	5600.456538795525	0.0
1791	1791	I319	5592.051038766352	0.0
3098	3098	M4310	5590.543826672278	0.0
2467	2467	K828	5572.907746579105	0.0
2538	2538	L219	5543.903743512262	0.0
174	174	B259	5542.546002423723	0.0
2028	2028	J111	5522.743781535155	0.0
3211	3211	M5432	5519.9785813513245	0.0
3761	3761	N939	5502.9960252374085	0.0
4166	4166	R160	5497.7188722178125	0.0
4282	4282	R591	5479.560920267157	0.0
1927	1927	I7020	5445.882493172094	0.0
2148	2148	J91	5444.331247037965	0.0
1692	1692	H906	5429.646458615308	0.0
1096	1096	E611	5414.123886305359	0.0
972	972	E041	5403.543929079263	0.0
2855	2855	M201	5393.076473607367	0.0
243	243	B49	5383.309343107587	0.0
1994	1994	I890	5373.974235012529	0.0
2065	2065	J302	5366.951244445532	0.0
2339	2339	K521	5365.988303983021	0.0
3533	3533	N12	5359.789034762595	0.0
2398	2398	K639	5344.827209669852	0.0
4380	4380	R942	5324.523549399276	0.0
2702	2702	L918	5294.402313346742	0.0
3677	3677	N760	5277.002782828216	0.0
4372	4372	R932	5247.083638816518	0.0
3770	3770	N950	5220.872093848169	0.0
4285	4285	R601	5218.957357894492	0.0
4220	4220	R34	5209.547082992159	0.0
646	646	C920	5206.269202702202	0.0
3000	3000	M2578	5204.487237431605	0.0
190	190	B349	5199.474759425715	0.0
2632	2632	L608	5194.3106351686265	0.0
1747	1747	I209	5181.81996091313	0.0
292	292	B965	5154.77297728718	0.0
2974	2974	M2547	5153.364296515966	0.0
3542	3542	N138	5086.193112837745	0.0
587	587	C786	5068.955992314389	0.0
1247	1247	F431	5057.336583861699	0.0
1073	1073	E440	5035.376918911291	0.0
2014	2014	J019	5016.3940134606955	0.0
1915	1915	I672	5015.2752221696055	0.0
211	211	B378	5013.242568247064	0.0
2361	2361	K579	5006.339677330918	0.0
2113	2113	J439	4983.570525953789	0.0
1661	1661	H698	4974.941581875241	0.0
1489	1489	G919	4968.620794461794	0.0
2697	2697	L905	4961.85791702652	0.0
4188	4188	R223	4941.032632392117	0.0
1015	1015	E139	4936.930456432266	0.0
3210	3210	M5431	4917.3439351705965	0.0
871	871	D472	4904.317375212646	0.0
3327	3327	M754	4894.593424413852	0.0
714	714	D122	4886.9551379940785	0.0
4360	4360	R894	4877.426491840207	0.0
1978	1978	I829	4867.229938967112	0.0
1579	1579	H353	4840.298534293977	0.0
2251	2251	K228	4832.5429948008805	0.0
3543	3543	N139	4819.156713564255	0.0
3582	3582	N288	4817.819233563769	0.0
1849	1849	I481	4814.3990109504	0.0
630	630	C859	4806.719882612643	0.0
1503	1503	G952	4726.274960055444	0.0
1369	1369	G253	4666.5373600635085	0.0
3007	3007	M2586	4646.023946444069	0.0
1376	1376	G309	4628.152917658026	0.0
2858	2858	M204	4610.998902417507	0.0
3193	3193	M5382	4587.660979654368	0.0
284	284	B956	4574.908203670875	0.0
2572	2572	L298	4573.94172241454	0.0
1803	1803	I359	4553.111465863397	0.0
1239	1239	F410	4546.814806224223	0.0
4167	4167	R161	4530.53340886888	0.0
166	166	B182	4514.001625366004	0.0
1120	1120	E784	4511.28843181767	0.0
2280	2280	K294	4477.772007242885	0.0
2499	2499	K920	4465.054687288376	0.0
1406	1406	G471	4425.285687035666	0.0
2627	2627	L600	4424.4176348628225	0.0
2876	2876	M2161	4419.319561380163	0.0
1835	1835	I451	4418.469449930447	0.0
2660	2660	L720	4396.395587070576	0.0
1474	1474	G822	4394.3226115003345	0.0
2260	2260	K259	4391.4282131924465	0.0
149	149	B07	4389.620856221163	0.0
1117	1117	E781	4385.66725618586	0.0
1001	1001	E113	4369.453724611565	0.0
1166	1166	F101	4356.89440376005	0.0
1775	1775	I272	4345.811878615392	0.0
1202	1202	F29	4342.693512026791	0.0
1485	1485	G911	4330.386281537344	0.0
1770	1770	I259	4318.151322903925	0.0
2437	2437	K746	4309.516363652283	0.0
1734	1734	I120	4295.0138921958505	0.0
2094	2094	J383	4293.2977376987565	0.0
1889	1889	I619	4266.959242336116	0.0
1648	1648	H609	4262.663357778965	0.0
574	574	C771	4235.617807415139	0.0
2833	2833	M181	4233.769115431591	0.0
2284	2284	K298	4226.628314520069	0.0
3758	3758	N926	4214.178186555688	0.0
1171	1171	F119	4202.799224732919	0.0
10	10	A048	4195.724810719165	0.0
1261	1261	F458	4173.908697801343	0.0
3051	3051	M4020	4168.467704228119	0.0
600	600	C800	4133.541216155077	0.0
780	780	D235	4118.883631373789	0.0
4382	4382	R944	4116.1075429342745	0.0
3103	3103	M4316	4107.413172662182	0.0
429	429	C349	4102.6294623252725	0.0
1789	1789	I313	4092.0099185115496	0.0
2427	2427	K720	4089.9199468102092	0.0
4291	4291	R633	4089.4958931050605	0.0
2209	2209	K089	4081.562208272537	0.0
1826	1826	I429	4075.0264049113475	0.0
4329	4329	R790	4058.8902932398164	0.0
1057	1057	E291	4052.669738534322	0.0
2885	2885	M2186	4035.1458328369426	0.0
3305	3305	M7061	4033.703930694623	0.0
2871	2871	M2140	3980.7271730157518	0.0
3191	3191	M519	3965.3879650637764	0.0
1859	1859	I495	3955.290927308834	0.0
576	576	C773	3947.3430067375684	0.0
4169	4169	R17	3935.1258166296698	0.0
2117	2117	J47	3932.053672243376	0.0
566	566	C760	3927.1330150359554	0.0
2112	2112	J438	3926.448390266332	0.0
1769	1769	I258	3920.230985903091	0.0
1145	1145	E889	3905.971243977581	0.0
2208	2208	K088	3895.3528472553658	0.0
1167	1167	F102	3891.4715082733574	0.0
2108	2108	J42	3876.949962949685	0.0
3324	3324	M750	3873.897205125567	0.0
2101	2101	J392	3873.2206958111924	0.0
3236	3236	M6240	3871.282528253578	0.0
3042	3042	M4000	3860.3064290751086	0.0
1391	1391	G379	3854.6014900223145	0.0
3694	3694	N811	3851.719952598128	0.0
1514	1514	G98	3846.134873568348	0.0
1827	1827	I440	3845.5156365770167	0.0
2252	2252	K229	3835.6793756760508	0.0
2486	2486	K868	3830.539002483997	0.0
1227	1227	F334	3815.9458356893283	0.0
1437	1437	G569	3811.9852530666503	0.0
1696	1696	H911	3803.1879755536047	0.0
2168	2168	J9610	3799.2554388270473	0.0
1475	1475	G825	3792.825150393001	0.0
4133	4133	R031	3790.7219353402384	0.0
1799	1799	I350	3780.8166231519895	0.0
1715	1715	I059	3771.8507324564534	0.0
2984	2984	M2560	3771.3379019091367	0.0
2840	2840	M1903	3768.373386775095	0.0
575	575	C772	3754.373679919651	0.0
1959	1959	I749	3753.279347798988	0.0
715	715	D123	3740.132634236996	0.0
4307	4307	R71	3733.9610558999093	0.0
1980	1980	I839	3732.706316331926	0.0
4175	4175	R194	3726.2217861332842	0.0
2134	2134	J80	3690.3002463689477	0.0
2449	2449	K766	3680.8174046112513	0.0
3746	3746	N908	3679.3856630600367	0.0
1125	1125	E831	3674.0123741065463	0.0
3574	3574	N258	3662.9275988638306	0.0
2667	2667	L739	3662.673376618733	0.0
282	282	B954	3655.611098994001	0.0
2659	2659	L719	3626.386266950268	0.0
2980	2980	M2554	3622.000990563925	0.0
1537	1537	H109	3613.284976554724	0.0
4365	4365	R899	3609.837206469662	0.0
2578	2578	L304	3605.2696882332702	0.0
3216	3216	M5489	3598.184979286353	0.0
3306	3306	M7062	3597.893437806615	0.0
973	973	E042	3596.463926011998	0.0
3497	3497	M9981	3595.5642201133696	0.0
1857	1857	I493	3590.8834810318517	0.0
3086	3086	M4180	3588.759130146082	0.0
1351	1351	G049	3585.2134404259737	0.0
573	573	C770	3570.1063818869457	0.0
925	925	D692	3569.6189889222446	0.0
1744	1744	I200	3549.1859170914163	0.0
1825	1825	I428	3534.4587362183997	0.0
1523	1523	H028	3531.5774771691376	0.0
826	826	D369	3513.049322681711	0.0
4202	4202	R260	3479.514643842596	0.0
3272	3272	M6584	3473.337776060739	0.0
286	286	B958	3467.0870706445235	0.0
1897	1897	I634	3466.761579653915	0.0
2608	2608	L538	3458.4886817022493	0.0
3162	3162	M4804	3453.591066572043	0.0
4305	4305	R700	3449.5427858128114	0.0
2153	2153	J938	3444.3061646847864	0.0
1746	1746	I208	3439.2246717589555	0.0
4194	4194	R233	3438.450160840885	0.0
1315	1315	F88	3436.1364566983793	0.0
3752	3752	N920	3420.7181472006055	0.0
3359	3359	M7730	3417.9632034011097	0.0
1979	1979	I831	3415.7386754818403	0.0
2443	2443	K759	3402.851796081812	0.0
3165	3165	M4807	3399.3093262984885	0.0
2114	2114	J440	3372.9358487392765	0.0
1693	1693	H907	3372.7274422240635	0.0
57	57	A410	3372.0571948077477	0.0
1347	1347	G039	3370.778710235061	0.0
189	189	B348	3369.3270683893315	0.0
979	979	E059	3368.9952348681522	0.0
717	717	D125	3358.904456936857	0.0
4243	4243	R443	3349.135829312935	0.0
1743	1743	I159	3341.6484787393274	0.0
3158	3158	M4789	3338.7149336428074	0.0
3176	3176	M4854	3335.188630512978	0.0
1216	1216	F319	3319.7716898297067	0.0
2429	2429	K729	3318.8879092282923	0.0
1753	1753	I219	3315.804745305423	0.0
1890	1890	I620	3315.525189040267	0.0
2470	2470	K831	3307.894185558197	0.0
4376	4376	R936	3305.8111921135724	0.0
2369	2369	K598	3278.7987752817376	0.0
2154	2154	J939	3265.862460877594	0.0
3560	3560	N185	3255.5184644774336	0.0
1185	1185	F191	3247.352454511795	0.0
2487	2487	K869	3236.5240271680104	0.0
1802	1802	I358	3231.2632015630543	0.0
1688	1688	H902	3206.4084514565525	0.0
3660	3660	N648	3199.307079348027	0.0
583	583	C782	3188.029104489164	0.0
3403	3403	M8588	3165.3995164262246	0.0
2348	2348	K560	3146.2787587800344	0.0
1372	1372	G259	3144.5352864788365	0.0
2320	2320	K439	3130.062647043285	0.0
4216	4216	R309	3117.0172163909997	0.0
2630	2630	L603	3104.2461370548385	0.0
1961	1961	I771	3102.880479312594	0.0
1223	1223	F330	3101.718416708763	0.0
63	63	A418	3094.7167290068564	0.0
1843	1843	I469	3090.10980076187	0.0
205	205	B372	3082.706494414854	0.0
509	509	C61	3077.239394697851	0.0
3369	3369	M7962	3073.3159941038366	0.0
1504	1504	G958	3066.606158513048	0.0
1338	1338	F99	3061.519038052706	0.0
2046	2046	J159	3060.33680633839	0.0
2382	2382	K621	3057.5737394921935	0.0
788	788	D259	3046.391360486435	0.0
2025	2025	J101	3043.6302396952974	0.0
4060	4060	Q658	3036.748984790437	0.0
1225	1225	F332	3033.976754350162	0.0
1986	1986	I871	3023.444614920846	0.0
2817	2817	M160	3008.2393316011307	0.0
4276	4276	R570	3007.4194533260957	0.0
1533	1533	H101	2995.590085053628	0.0
641	641	C910	2987.9533326141827	0.0
1003	1003	E115	2982.7641494699046	0.0
2700	2700	L909	2975.8307658316367	0.0
143	143	B022	2956.191786225239	0.0
4256	4256	R468	2953.9573614538212	0.0
1921	1921	I679	2949.3958043827083	0.0
2008	2008	J010	2949.37612027418	0.0
2169	2169	J9611	2944.7286316960444	0.0
2498	2498	K918	2940.4709758575204	0.0
1486	1486	G912	2930.1032245087854	0.0
2172	2172	J980	2917.1394279800497	0.0
2138	2138	J841	2912.6686652107	0.0
1577	1577	H350	2906.2669796367304	0.0
3600	3600	N329	2902.798077865559	0.0
3174	3174	M4850	2902.461723238474	0.0
3460	3460	M9080	2891.613043410429	0.0
1146	1146	E890	2875.504254113777	0.0
922	922	D65	2867.729368778946	0.0
2247	2247	K224	2847.890550524918	0.0
2562	2562	L271	2845.7198570831674	0.0
2039	2039	J151	2845.2389970978093	0.0
2410	2410	K660	2842.5345036028334	0.0
4295	4295	R638	2838.5821498132877	0.0
4195	4195	R234	2824.5642980422176	0.0
4278	4278	R578	2811.907977146107	0.0
1561	1561	H258	2810.5249044038605	0.0
1470	1470	G809	2784.081807955095	0.0
3659	3659	N645	2780.8399142210833	0.0
1130	1130	E839	2762.1300548302697	0.0
2226	2226	K130	2746.129589293657	0.0
3375	3375	M7981	2743.391915535022	0.0
1794	1794	I340	2733.2755556926654	0.0
4371	4371	R931	2731.9816271155555	0.0
3556	3556	N181	2721.2513070699506	0.0
3615	3615	N398	2714.480717072751	0.0
1968	1968	I779	2698.81910431049	0.0
2098	2098	J387	2687.064866913466	0.0
2064	2064	J301	2686.353813796117	0.0
2796	2796	M1288	2683.0978256877625	0.0
3184	3184	M509	2681.8225394100614	0.0
1926	1926	I693	2680.7733175697244	0.0
1949	1949	I730	2672.1321094536756	0.0
1452	1452	G618	2669.5917081465964	0.0
2493	2493	K909	2665.736304568578	0.0
2102	2102	J398	2657.5769012453043	0.0
1858	1858	I494	2652.7096709399907	0.0
3181	3181	M502	2635.7147823338773	0.0
1967	1967	I778	2617.3257022225507	0.0
2571	2571	L293	2592.536253397846	0.0
4229	4229	R402	2592.3518637099355	0.0
1438	1438	G570	2586.6883465193614	0.0
3528	3528	N10	2581.8991835632237	0.0
1469	1469	G808	2573.1960932272245	0.0
617	617	C833	2570.6820470302814	0.0
4189	4189	R224	2564.944248440238	0.0
1642	1642	H579	2564.5747598700573	0.0
4315	4315	R761	2552.4384244905877	0.0
2565	2565	L280	2547.4076915391647	0.0
196	196	B356	2546.7580276760027	0.0
3701	3701	N819	2534.00523413104	0.0
2633	2633	L609	2529.6242460481303	0.0
2579	2579	L308	2529.190500755254	0.0
3357	3357	M7711	2520.687304375919	0.0
1144	1144	E888	2502.488585772172	0.0
2481	2481	K859	2485.899441305374	0.0
883	883	D489	2482.610754805696	0.0
195	195	B354	2479.3451796161526	0.0
2069	2069	J320	2478.575111845449	0.0
1484	1484	G910	2474.790483119592	0.0
2326	2326	K469	2472.383181517114	0.0
872	872	D473	2465.4339433185623	0.0
1496	1496	G935	2461.70435299515	0.0
1538	1538	H113	2459.733600566309	0.0
2503	2503	K929	2459.709540643216	0.0
4249	4249	R454	2458.610337027163	0.0
1641	1641	H578	2458.4982259218464	0.0
1855	1855	I491	2452.7504306665164	0.0
2600	2600	L509	2452.442030591687	0.0
1686	1686	H900	2441.1221497824654	0.0
942	942	D739	2427.54773039257	0.0
4153	4153	R091	2425.2931343137275	0.0
528	528	C679	2418.3641572015626	0.0
1625	1625	H531	2416.600719364245	0.0
1929	1929	I7090	2413.4298374886544	0.0
1374	1374	G301	2409.4476400238855	0.0
3006	3006	M2585	2407.5653468617243	0.0
2095	2095	J384	2405.737404479354	0.0
1482	1482	G838	2402.9116455960693	0.0
3099	3099	M4312	2398.377307897026	0.0
579	579	C778	2397.6863638136	0.0
589	589	C788	2391.4365008941986	0.0
1682	1682	H819	2390.6654591040833	0.0
663	663	C959	2389.9726949345986	0.0
4241	4241	R441	2387.2340492257313	0.0
1902	1902	I650	2381.802709614338	0.0
3244	3244	M6249	2379.4675792395283	0.0
2308	2308	K409	2378.7484376156217	0.0
1380	1380	G319	2376.5684581355117	0.0
933	933	D721	2370.9058116142196	0.0
592	592	C792	2370.4152182612675	0.0
1456	1456	G622	2356.5367198468252	0.0
2663	2663	L729	2350.314948433352	0.0
3005	3005	M2584	2346.8689257799547	0.0
720	720	D128	2345.5731208355883	0.0
4130	4130	R011	2344.878812533645	0.0
2689	2689	L851	2341.5120002781773	0.0
3763	3763	N941	2341.307284467878	0.0
3178	3178	M4856	2335.8020671415115	0.0
3002	3002	M2581	2321.293022851535	0.0
1310	1310	F809	2317.597861383694	0.0
1812	1812	I38	2302.696408356262	0.0
1407	1407	G472	2300.487715880708	0.0
2985	2985	M2561	2300.182782713493	0.0
1905	1905	I658	2291.4673618948705	0.0
4277	4277	R571	2280.814448706248	0.0
2222	2222	K120	2279.0076038204074	0.0
3265	3265	M6533	2272.094560954359	0.0
2245	2245	K222	2268.7292509386084	0.0
982	982	E063	2267.418729840194	0.0
4386	4386	R948	2266.2858640355494	0.0
4340	4340	R827	2265.9455041565493	0.0
2277	2277	K290	2265.1206647725	0.0
2775	2775	M1126	2261.390630685855	0.0
3266	3266	M6534	2253.293156079169	0.0
2484	2484	K862	2251.429652829662	0.0
1733	1733	I119	2248.7658292670894	0.0
1738	1738	I132	2247.589445999127	0.0
3155	3155	M4726	2228.632861198049	0.0
1892	1892	I629	2226.8421336149795	0.0
3595	3595	N320	2223.709360377043	0.0
869	869	D469	2212.6504291871383	0.0
1624	1624	H527	2212.296220787535	0.0
3524	3524	N058	2211.436665961299	0.0
1681	1681	H814	2209.4546484434522	0.0
1742	1742	I158	2203.6121383840136	0.0
1667	1667	H729	2197.9952470353246	0.0
931	931	D699	2197.6865974494035	0.0
3356	3356	M7710	2196.571044462824	0.0
766	766	D219	2187.8691623705577	0.0
3271	3271	M6583	2186.9930112024167	0.0
1050	1050	E279	2186.343011451761	0.0
597	597	C797	2178.8196721569925	0.0
1634	1634	H543	2178.0879049709815	0.0
1124	1124	E789	2171.6506267715795	0.0
2461	2461	K819	2170.5820795360387	0.0
1817	1817	I420	2169.303888235845	0.0
716	716	D124	2168.468757379073	0.0
4238	4238	R432	2166.317672071595	0.0
1092	1092	E569	2160.574506374507	0.0
3325	3325	M752	2159.2623338224184	0.0
2177	2177	J986	2155.5715806225394	0.0
3254	3254	M6282	2149.8006469836623	0.0
1323	1323	F919	2141.2946680026735	0.0
2703	2703	L919	2135.559015082897	0.0
2409	2409	K659	2128.241522410118	0.0
3351	3351	M7682	2123.929391684376	0.0
1870	1870	I518	2123.6062508096165	0.0
1900	1900	I638	2120.5719315974907	0.0
3712	3712	N838	2109.024558797122	0.0
3031	3031	M350	2104.3951522688594	0.0
974	974	E049	2101.5364542489474	0.0
291	291	B964	2098.0697980222667	0.0
382	382	C189	2094.533517525464	0.0
1502	1502	G951	2086.651297841904	0.0
2273	2273	K279	2078.609660987945	0.0
481	481	C499	2077.796362049637	0.0
2837	2837	M189	2076.956622667604	0.0
1169	1169	F111	2073.5479314495133	0.0
1862	1862	I501	2070.10837397004	0.0
4361	4361	R895	2069.929951492727	0.0
3643	3643	N508	2069.6856862672175	0.0
1071	1071	E41	2068.5243546237407	0.0
1472	1472	G811	2060.19480203317	0.0
2035	2035	J129	2042.0121479886168	0.0
2457	2457	K805	2040.8306728962991	0.0
1834	1834	I447	2038.8129802160922	0.0
4068	4068	Q667	2035.0414173732302	0.0
2238	2238	K148	2034.4268742322988	0.0
3144	3144	M4696	2033.5007517082233	0.0
3377	3377	M8000	2030.91481114667	0.0
1465	1465	G801	2029.8883322669872	0.0
383	383	C19	2025.9290529147358	0.0
1217	1217	F320	2024.4805685338451	0.0
917	917	D619	2023.779507461096	0.0
1975	1975	I81	2011.7550540908119	0.0
965	965	E032	2010.9403515551614	0.0
3697	3697	N814	2008.2840669934214	0.0
165	165	B181	2006.89716907162	0.0
1218	1218	F321	1999.8720805370876	0.0
3008	3008	M2587	1999.650322381351	0.0
425	425	C341	1993.2892366760263	0.0
1687	1687	H901	1985.8821583751615	0.0
100	100	A600	1984.693936509169	0.0
550	550	C719	1977.0103508922484	0.0
1480	1480	G834	1968.03899936066	0.0
2268	2268	K269	1964.3745295775564	0.0
4146	4146	R066	1961.3853789633051	0.0
1395	1395	G448	1945.016988702208	0.0
1036	1036	E236	1934.6119776262124	0.0
1935	1935	I714	1933.8159186401047	0.0
1737	1737	I131	1928.9580275142612	0.0
456	456	C444	1923.6835856673265	0.0
2759	2759	M1000	1921.8733033748038	0.0
2158	2158	J948	1915.710905705048	0.0
2570	2570	L292	1897.614219147951	0.0
198	198	B359	1895.1888010871485	0.0
693	693	D059	1890.1007869991113	0.0
2063	2063	J300	1889.4734505241731	0.0
3767	3767	N946	1887.358073875187	0.0
712	712	D120	1884.0056485871282	0.0
1161	1161	F068	1875.9689992891476	0.0
2179	2179	J989	1874.817770939003	0.0
2027	2027	J110	1873.9353732266259	0.0
3358	3358	M7712	1873.375028285027	0.0
1880	1880	I609	1872.4565928293193	0.0
1973	1973	I808	1867.9455044557478	0.0
1767	1767	I255	1863.0497729590425	0.0
2362	2362	K580	1860.328522452499	0.0
967	967	E034	1854.3692864717066	0.0
1639	1639	H570	1854.0498671175685	0.0
1441	1441	G573	1849.6781298924218	0.0
1432	1432	G561	1845.656087562624	0.0
2934	2934	M2450	1845.0408879517486	0.0
1143	1143	E883	1842.6571430062215	0.0
3750	3750	N912	1836.7743547013622	0.0
2412	2412	K668	1828.8290171453777	0.0
3539	3539	N135	1825.950617049793	0.0
3081	3081	M4150	1825.010198529029	0.0
1701	1701	H921	1816.7612043554927	0.0
4155	4155	R093	1816.459399275252	0.0
3179	3179	M500	1814.697712728992	0.0
1981	1981	I850	1814.2451148951486	0.0
2574	2574	L300	1811.390144174112	0.0
228	228	B449	1809.6846333396377	0.0
2654	2654	L708	1808.2993763030938	0.0
754	754	D179	1799.8101433509219	0.0
1655	1655	H659	1797.573782667781	0.0
2160	2160	J950	1793.5903861151867	0.0
2620	2620	L578	1791.8769431182989	0.0
1678	1678	H810	1776.8439519814451	0.0
2708	2708	L929	1773.8224331693516	0.0
1697	1697	H912	1770.3247837698493	0.0
3598	3598	N323	1768.4372270072158	0.0
1637	1637	H546	1763.1742206923548	0.0
2770	2770	M1120	1760.9438528282683	0.0
129	129	B001	1760.3378172048629	0.0
3154	3154	M4722	1758.1556161872704	0.0
1260	1260	F454	1756.0397434088031	0.0
2139	2139	J848	1744.0715413956239	0.0
2988	2988	M2564	1743.514281836663	0.0
3186	3186	M5116	1734.2108531439715	0.0
424	424	C340	1729.1787960352215	0.0
2111	2111	J432	1729.022233867326	0.0
2381	2381	K620	1726.8660152246186	0.0
3400	3400	M8585	1722.168432845722	0.0
3653	3653	N62	1722.1000908526075	0.0
1160	1160	F064	1717.343781742741	0.0
202	202	B369	1715.255492526759	0.0
1168	1168	F109	1711.1464044256486	0.0
586	586	C785	1704.9819909536118	0.0
3693	3693	N809	1701.054168034571	0.0
2891	2891	M2196	1699.0670200615768	0.0
2007	2007	J00	1692.232568477153	0.0
803	803	D313	1691.5736257421795	0.0
998	998	E110	1691.5108058716944	0.0
1565	1565	H268	1690.1393293181184	0.0
454	454	C439	1683.895777399174	0.0
1178	1178	F141	1683.1525262797784	0.0
1516	1516	G992	1681.4936147669705	0.0
578	578	C775	1679.9241074055467	0.0
3402	3402	M8587	1679.7419497111503	0.0
2459	2459	K810	1678.982939463058	0.0
2832	2832	M180	1674.8410230003337	0.0
1009	1009	E132	1672.7191796304598	0.0
2019	2019	J040	1672.2558214590774	0.0
3567	3567	N210	1670.9885340085693	0.0
723	723	D131	1668.009640937549	0.0
2366	2366	K592	1667.4851708117117	0.0
582	582	C781	1665.8472476828167	0.0
2043	2043	J156	1663.67269924019	0.0
1507	1507	G961	1657.5412956640937	0.0
1451	1451	G610	1655.7907438062825	0.0
721	721	D129	1649.2343028908438	0.0
993	993	E104	1647.9233656155786	0.0
1219	1219	F322	1645.575182120857	0.0
2629	2629	L602	1643.073196281498	0.0
2483	2483	K861	1642.7721613342615	0.0
2313	2313	K429	1638.04934779716	0.0
1350	1350	G048	1635.6170028080662	0.0
3263	3263	M6531	1635.4467969551101	0.0
1159	1159	F063	1634.143975419038	0.0
2373	2373	K602	1627.086822639844	0.0
3724	3724	N859	1627.05018966816	0.0
3286	3286	M670	1625.131089816994	0.0
2998	2998	M2576	1625.0893723477905	0.0
661	661	C950	1621.3318884212588	0.0
2655	2655	L709	1620.1245012194174	0.0
1584	1584	H358	1616.096978442388	0.0
1960	1960	I770	1613.2182144899891	0.0
3151	3151	M4714	1612.8465156855227	0.0
1069	1069	E349	1609.3718150127977	0.0
1172	1172	F121	1608.4461970051352	0.0
78	78	A491	1606.5610896039173	0.0
1966	1966	I776	1602.2794426396285	0.0
988	988	E078	1597.720899731873	0.0
1628	1628	H534	1592.1288171161345	0.0
1174	1174	F129	1591.0868717715618	0.0
