Index	Index	ICD10	Score	P-value
900	900	Q210	1113707.6943812931	0.0
903	903	Q213	344564.4963722144	0.0
937	937	Q255	338271.83978741895	0.0
908	908	Q221	246831.19421235155	0.0
939	939	Q257	178413.88399759345	0.0
907	907	Q220	163828.44502840485	0.0
317	317	I370	119771.48225000288	0.0
938	938	Q256	114619.1788429674	0.0
931	931	Q249	112939.01640307714	0.0
901	901	Q211	103143.59582429915	0.0
321	321	I379	90646.17239242335	0.0
892	892	Q201	90470.49170010487	0.0
930	930	Q248	71237.91060974475	0.0
936	936	Q254	70538.77795015853	0.0
894	894	Q203	66882.35424605549	0.0
932	932	Q250	59967.334942902206	0.0
318	318	I371	56508.96860626761	0.0
909	909	Q222	55377.91248438458	0.0
895	895	Q204	54356.739861107955	0.0
914	914	Q228	50900.36070380079	0.0
910	910	Q223	49058.216435789065	0.0
926	926	Q243	45765.28482792183	0.0
933	933	Q251	34384.704294598174	0.0
934	934	Q252	32586.927299582603	0.0
902	902	Q212	32444.94023076644	0.0
920	920	Q234	25739.644391138587	0.0
917	917	Q231	24594.949161371682	0.0
725	725	P281	24513.180178237948	0.0
369	369	I517	23193.534655840336	0.0
896	896	Q205	22131.569805974315	0.0
911	911	Q224	21704.77833473553	0.0
1226	1226	R633	19273.60410906016	0.0
947	947	Q268	18929.484260447516	0.0
981	981	Q359	17067.93611401058	0.0
457	457	J81	16454.04120042115	0.0
913	913	Q226	14585.052578912886	0.0
927	927	Q244	14402.105961193103	0.0
319	319	I372	12564.562621560071	0.0
918	918	Q232	12315.606005508085	0.0
919	919	Q233	11433.893932663868	0.0
473	473	J958	11316.085157104442	0.0
1139	1139	Q909	10724.843081456456	0.0
826	826	P929	10443.517747135173	0.0
153	153	F809	10434.759939341151	0.0
891	891	Q200	10300.257076757798	0.0
928	928	Q245	10244.086489100298	0.0
730	730	P288	10100.793510358113	0.0
1157	1157	R011	9906.145607140146	0.0
905	905	Q218	9831.892870659416	0.0
1188	1188	R230	9640.310496815822	0.0
916	916	Q230	9633.496227451695	0.0
915	915	Q229	9353.428504676018	0.0
1132	1132	Q893	9307.995822929222	0.0
1134	1134	Q898	9060.7079669326	0.0
1125	1125	Q870	8794.39345719354	0.0
825	825	P928	8430.032854946741	0.0
1133	1133	Q897	8097.620807589824	0.0
996	996	Q388	7856.777434227814	0.0
837	837	Q02	7570.976528895946	0.0
898	898	Q208	7551.480881234906	0.0
710	710	P229	7300.420001051746	0.0
337	337	I451	7258.9736026257915	0.0
723	723	P279	7215.002682750384	0.0
483	483	J984	7045.108503970854	0.0
833	833	P968	6932.125444231776	0.0
972	972	Q336	6864.145645091251	0.0
729	729	P285	6708.043487035814	0.0
481	481	J981	6667.720981344167	0.0
923	923	Q240	6572.096016453259	0.0
465	465	J940	6308.19677734312	0.0
943	943	Q261	5889.777264592213	0.0
728	728	P284	5782.708942839668	0.0
733	733	P291	5733.0433473780995	0.0
708	708	P221	5707.495308852875	0.0
696	696	P073	5654.115391826583	0.0
897	897	Q206	5456.611502045462	0.0
263	263	I079	5384.053986166896	0.0
921	921	Q238	5358.274171495543	0.0
731	731	P289	5252.618992843486	0.0
948	948	Q269	5238.475157573364	0.0
460	460	J90	5164.799018060575	0.0
1048	1048	Q600	5106.868191925212	0.0
260	260	I071	4972.852592618275	0.0
308	308	I351	4925.77880509094	0.0
882	882	Q179	4865.451050910875	0.0
944	944	Q262	4777.027775119973	0.0
809	809	P833	4748.192790486342	0.0
802	802	P788	4725.715771713893	0.0
486	486	J988	4669.660248831453	0.0
290	290	I288	4581.993376024205	0.0
405	405	J041	4552.497800343448	0.0
980	980	Q357	4484.502459118685	0.0
313	313	I361	4465.696766112482	0.0
945	945	Q263	4250.3952907937355	0.0
333	333	I442	4154.343637194405	0.0
320	320	I378	4088.0065501311046	0.0
978	978	Q353	4027.1342128005513	0.0
707	707	P220	4003.561201924112	0.0
403	403	I978	3861.7696463271413	0.0
735	735	P293	3809.533579986461	0.0
799	799	P77	3774.0269092246645	0.0
343	343	I459	3764.2753179154815	0.0
371	371	I519	3740.532335117777	0.0
935	935	Q253	3627.692738341974	0.0
786	786	P711	3586.7159031358383	0.0
1170	1170	R068	3577.919824028483	0.0
940	940	Q258	3576.8210997273973	0.0
989	989	Q379	3553.8745524738956	0.0
893	893	Q202	3537.058692506791	0.0
285	285	I272	3474.3659399213393	0.0
879	879	Q174	3418.4548405301593	0.0
1129	1129	Q890	3394.6000692992316	0.0
694	694	P071	3375.842121676688	0.0
773	773	P610	3366.4988937582907	0.0
808	808	P832	3268.2398333098963	0.0
775	775	P612	3259.8862962865765	0.0
243	243	H900	3223.531678947718	0.0
970	970	Q333	3123.6169622124758	0.0
721	721	P271	2999.4373129267274	0.0
752	752	P520	2969.645197782354	0.0
964	964	Q320	2957.8306653936916	0.0
311	311	I359	2932.0878166157772	0.0
946	946	Q264	2924.3540537900103	0.0
1257	1257	R91	2834.703024004947	0.0
152	152	F808	2738.3460837174885	0.0
1173	1173	R090	2725.589892080634	0.0
286	286	I278	2688.2669703447955	0.0
316	316	I369	2677.4913956742557	0.0
1135	1135	Q899	2660.1113588786143	0.0
732	732	P290	2658.815070006234	0.0
717	717	P251	2613.7428579080606	0.0
450	450	J398	2580.887035513056	0.0
820	820	P920	2562.3070930404174	0.0
370	370	I518	2556.006199405022	0.0
727	727	P283	2530.7744390898392	0.0
793	793	P743	2523.7502964048113	0.0
1166	1166	R061	2501.933160493947	0.0
156	156	F82	2489.437960376574	0.0
149	149	F800	2472.4259580891076	0.0
966	966	Q322	2445.863748677506	0.0
904	904	Q214	2419.621111422287	0.0
906	906	Q219	2397.9192681631084	0.0
749	749	P393	2384.3237121119973	0.0
361	361	I498	2368.3404863144956	0.0
238	238	H698	2264.192256635026	0.0
951	951	Q278	2264.168723617592	0.0
999	999	Q392	2243.4790630076745	0.0
790	790	P740	2226.7809498764373	0.0
994	994	Q385	2186.550370879366	0.0
1138	1138	Q902	2180.603193903689	0.0
157	157	F88	2173.6539131441173	0.0
722	722	P278	2127.487722712923	0.0
792	792	P742	2119.53632389012	0.0
470	470	J953	2110.606550164563	0.0
464	464	J939	2108.6970160646724	0.0
976	976	Q349	2094.732267851066	0.0
1165	1165	R060	2075.419227048424	0.0
785	785	P704	2040.144779968709	0.0
1211	1211	R492	2027.7194058719224	0.0
245	245	H902	2027.6849065859121	0.0
1009	1009	Q410	2026.8125298585055	0.0
998	998	Q391	2022.3094134037244	0.0
346	346	I471	2020.9483900323296	0.0
787	787	P712	2014.9839232477798	0.0
150	150	F801	1986.3375304778704	0.0
347	347	I472	1945.5031035175887	0.0
922	922	Q239	1870.1427197345092	0.0
1126	1126	Q871	1822.5768592373092	0.0
399	399	I898	1797.295841670196	0.0
289	289	I281	1776.3972410427255	0.0
777	777	P614	1770.9837279372723	0.0
983	983	Q369	1763.3326611099312	0.0
692	692	P059	1763.089351572456	0.0
1225	1225	R620	1755.5828620520742	0.0
1176	1176	R098	1741.7347465949886	0.0
496	496	K029	1727.056770541257	0.0
279	279	I253	1700.0433783019691	0.0
912	912	Q225	1688.2926294602553	0.0
877	877	Q172	1668.6448229519806	0.0
397	397	I871	1667.831434905976	0.0
362	362	I499	1659.2725286049745	0.0
890	890	Q189	1620.9753552429402	0.0
997	997	Q390	1618.0134224606445	0.0
965	965	Q321	1611.311913813177	0.0
693	693	P070	1608.8009673230692	0.0
724	724	P280	1608.5191890237973	0.0
768	768	P590	1594.8352855317755	0.0
478	478	J9690	1577.329378474604	0.0
961	961	Q311	1576.3083408050386	0.0
322	322	I38	1563.8542243165875	0.0
1115	1115	Q791	1563.1491690843968	0.0
715	715	P249	1549.06137352599	0.0
828	828	P942	1532.4645732026822	0.0
28	28	B348	1513.723163015864	0.0
929	929	Q246	1468.5987401789523	4.74e-321
235	235	H659	1460.2694548672366	3.03643e-319
743	743	P369	1453.5321262882096	8.790263e-318
334	334	I443	1446.32897382923	3.2115525e-316
962	962	Q315	1418.5248606044245	3.4589432885432e-310
1015	1015	Q423	1410.039655526752	2.3982832459644023e-308
1000	1000	Q393	1409.2760475718246	3.512163372325631e-308
807	807	P819	1395.0552252625441	4.275590193813525e-305
803	803	P789	1382.678448493843	2.0719618732698399e-302
1114	1114	Q790	1378.2354693892103	1.9071586715863423e-301
1152	1152	R000	1375.7539676770318	6.588824390673502e-301
291	291	I289	1324.3065776727217	9.594976529717321e-290
283	283	I270	1323.8115541582536	1.2287414045862177e-289
1049	1049	Q602	1312.8753435506262	2.901102227858355e-287
548	548	K761	1308.280015171383	2.8822996905145744e-286
955	955	Q289	1305.5537071760973	1.1255002576544557e-285
1140	1140	Q913	1301.6532766169114	7.902061005927086e-285
1127	1127	Q872	1288.2520430121945	6.3952184143138395e-282
941	941	Q259	1272.877244282419	1.387787289015073e-278
1214	1214	R509	1265.0022952552958	7.100529521569349e-277
327	327	I424	1259.6661619041388	1.0216809277671311e-275
771	771	P599	1252.2554318318566	4.1455065449917144e-274
233	233	H652	1236.0860905732961	1.3387175123660917e-270
924	924	Q241	1209.979443859508	6.203408432609686e-265
401	401	I959	1208.0666499050508	1.6135244397763574e-264
136	136	E872	1198.3269125626127	2.0973521671983532e-262
443	443	J380	1194.352166876975	1.528811513816456e-261
813	813	P90	1176.3840873719062	1.2140607978051793e-257
485	485	J986	1165.6229828457274	2.62995497367859e-255
772	772	P60	1160.6828854462162	3.106108099554904e-254
302	302	I340	1160.4637276782685	3.4656593948955956e-254
899	899	Q209	1158.5871116004487	8.853515708675108e-254
304	304	I342	1147.401710447799	2.371363978972765e-251
1201	1201	R451	1144.147590760385	1.2059821757581859e-250
755	755	P523	1133.6889441106389	2.246647430971944e-248
1153	1153	R001	1125.252026450526	1.5237622681158912e-246
956	956	Q300	1123.1052182775375	4.455788635669138e-246
716	716	P250	1121.2010869402352	1.1541325926717057e-245
695	695	P072	1115.1291237433452	2.400551343940615e-244
433	433	J210	1097.251943416599	1.8240692569098083e-240
1052	1052	Q605	1073.0160895488855	3.3289702604767595e-235
142	142	E878	1064.7100567968662	2.1158860887741442e-233
297	297	I313	1034.6457978851834	7.120086950215276e-227
881	881	Q178	1030.809207613943	4.846664751582875e-226
1235	1235	R69	1019.1252640283559	1.6679029674289343e-223
364	364	I509	1018.3963756993157	2.4011728245216734e-223
753	753	P521	1014.7349809809052	1.4975143260538468e-222
360	360	I495	1012.310946445255	5.0311945540750314e-222
402	402	I970	992.550571537865	9.819562113116876e-218
988	988	Q378	991.465038045498	1.6896275431463107e-217
985	985	Q373	987.372506839779	1.3073616529926939e-216
476	476	J9610	970.9409142995215	4.833251041235462e-213
358	358	I493	955.2856189418816	1.2123861203499063e-209
1268	1268	R943	948.8472711800601	3.031810331944091e-208
875	875	Q169	930.1502945256457	3.481672335135236e-204
1086	1086	Q674	927.9369678965757	1.0529978109290384e-203
254	254	H921	911.516608818782	3.8752559746285256e-200
234	234	H653	905.2695686460437	8.809544893094076e-199
307	307	I350	900.7012017255413	8.65099356259113e-198
447	447	J386	899.4684127745571	1.6024801079941323e-197
287	287	I279	894.0622178089935	2.392618062866893e-196
386	386	I743	887.437110179926	6.571880202828243e-195
365	365	I510	886.4325685656707	1.0860610056787582e-194
872	872	Q161	884.3332030788692	3.1030759654657755e-194
474	474	J9600	883.7588654745483	4.135489236798401e-194
673	673	P013	873.2786120890686	7.810081689410755e-192
744	744	P375	870.5966643298264	2.986325711085054e-191
974	974	Q339	866.8453291969174	1.9493109059595032e-190
54	54	B974	859.4506008052301	7.869499618645593e-189
315	315	I368	850.0196770647784	8.796259819238861e-187
1137	1137	Q901	845.6907096764853	7.665576229686953e-186
1251	1251	R845	845.1764393511254	9.913897090541976e-186
1032	1032	Q532	842.7497212327629	3.3367980308911394e-185
237	237	H669	834.6744885039677	1.893657312446997e-183
1179	1179	R14	830.4499461510107	1.5663991322851614e-182
987	987	Q375	829.7858122117785	2.1835241952459823e-182
834	834	P969	828.3756140861861	4.420444266078063e-182
1262	1262	R933	786.7927296429383	4.765995526945151e-173
456	456	J80	774.144768767449	2.665380318336615e-170
750	750	P398	773.6003060903123	3.4997642380394736e-170
889	889	Q188	772.3804205527596	6.442412948557986e-170
844	844	Q043	772.2330754710629	6.93518557916588e-170
585	585	L929	767.6130274262688	6.994115914578788e-169
256	256	I050	763.4261008751572	5.679707628545786e-168
1012	1012	Q419	758.9811809322754	5.247819523440136e-167
258	258	I059	750.1050391129385	4.449848984064662e-165
363	363	I501	744.9158862388904	5.966584880708299e-164
957	957	Q302	738.5595516150279	1.4345247893337076e-162
519	519	K409	733.9359917338279	1.4495807843022538e-161
759	759	P541	733.548691883627	1.759500778606856e-161
1244	1244	R788	717.668229895832	4.9631281621553865e-158
848	848	Q049	715.1165078444034	1.7790429222510836e-157
862	862	Q130	710.2186525012672	2.0624843198830547e-156
713	713	P243	700.0954506366071	3.2659327656975696e-154
571	571	L22	697.5905603655041	1.143647571582285e-153
977	977	Q351	685.8186059802872	4.13300175901135e-151
831	831	P962	679.5261705664728	9.629699829240306e-150
252	252	H919	679.0905951570404	1.1974692903766196e-149
1065	1065	Q639	677.9396316763081	2.1299641704467537e-149
408	408	J069	675.754901438853	6.3551163084305675e-149
1116	1116	Q792	660.9475857520416	1.0493172859333737e-145
758	758	P529	657.8445418748546	4.957362742329536e-145
1016	1016	Q428	655.5059261531874	1.5976296524229883e-144
691	691	P051	653.5936935889687	4.159521956292286e-144
851	851	Q068	646.7455276620348	1.28030250860323e-142
55	55	B978	645.5897202373072	2.2829715336169594e-142
847	847	Q048	642.7121074290842	9.635787428743973e-142
467	467	J948	639.9192433147115	3.898178058875986e-141
778	778	P615	639.8056088785564	4.126273627887918e-141
817	817	P916	639.7041662261393	4.3411493221912093e-141
1013	1013	Q421	635.7852021210892	3.0855015548272115e-140
842	842	Q040	633.2277070850023	1.1095855092817992e-139
480	480	J980	627.7921578282769	1.684677171015592e-138
669	669	P002	626.7213376834081	2.879056732239638e-138
141	141	E877	626.5564223746279	3.1267504757160474e-138
701	701	P101	623.6900772384002	1.3124219273427334e-137
353	353	I484	614.646745495306	1.2123331117960705e-135
1141	1141	Q917	613.2010466630977	2.499467992383479e-135
1230	1230	R638	611.9024992734588	4.787303638656072e-135
1144	1144	Q928	608.0295113218996	3.3258708570437854e-134
979	979	Q355	600.6861286594462	1.3123885746294085e-132
815	815	P911	599.2842533822237	2.6471530405102185e-132
1033	1033	Q539	598.8390023033895	3.307963871476194e-132
958	958	Q308	587.8839910056163	7.958708135656016e-130
736	736	P298	585.1607261308175	3.110372616059104e-129
521	521	K429	581.0891525569554	2.387167985717762e-128
244	244	H901	579.8395728308857	4.461871420578861e-128
398	398	I878	579.0438129072003	6.64508182732412e-128
1233	1233	R681	578.9790767038813	6.863929184310427e-128
332	332	I441	576.7576608752378	2.086748077563823e-127
231	231	H612	575.1762169337921	4.6052280836896e-127
355	355	I490	574.545938483154	6.313416204489863e-127
779	779	P616	570.1599559914134	5.67182003976127e-126
459	459	J860	562.0531796688168	3.2815622501497284e-124
1145	1145	Q929	560.9808998388246	5.612954537882497e-124
1087	1087	Q675	553.6980715073438	2.150245175182587e-122
1064	1064	Q638	553.2949137465034	2.631094592110504e-122
436	436	J219	549.8440313006361	1.4804085203205017e-121
1254	1254	R898	545.6428575861318	1.212719620241927e-120
720	720	P269	528.3703556684645	6.904986630202258e-117
110	110	E162	523.168379667583	9.337691109387075e-116
239	239	H699	517.8126989356836	1.3638467263965899e-114
463	463	J938	513.6627447686525	1.0892861216804093e-113
475	475	J9601	505.1569065322944	7.704240438391367e-112
1047	1047	Q564	500.37834582035356	8.43059840604793e-111
331	331	I440	496.67241641171836	5.392047716282698e-110
714	714	P248	496.10474207349085	7.164768035255035e-110
1136	1136	Q900	493.69737467469145	2.39177599860404e-109
690	690	P050	488.6279479689785	3.028065059886753e-108
1040	1040	Q549	486.9221275309635	7.114352232915612e-108
97	97	D696	480.6680428972408	1.6302704061715757e-106
641	641	M954	479.32656963754346	3.191583254444809e-106
429	429	J189	471.6522912853877	1.4895874688377852e-104
796	796	P761	471.45859012285365	1.641324719173591e-104
338	338	I452	466.529311350693	1.9377143169678274e-103
1111	1111	Q740	457.86375045103443	1.486215311849054e-101
487	487	J989	456.80271341651115	2.5285278707915895e-101
806	806	P818	455.6255426996526	4.5594835700382634e-101
794	794	P744	452.57860877305154	2.0973281818046072e-100
1260	1260	R931	452.34528784285897	2.357314078918593e-100
1259	1259	R930	442.4592063220801	3.333225435459302e-98
726	726	P282	435.1488934066648	1.2975010028891509e-96
766	766	P559	431.23344448402986	9.223204705911625e-96
841	841	Q039	430.6409982257361	1.2409822863627415e-95
963	963	Q318	427.7695526124666	5.2292724377856354e-95
299	299	I319	425.5832855989488	1.5633849095829337e-94
284	284	I271	424.09864884135305	3.2889257090703646e-94
515	515	K316	422.4662061077467	7.450777537663523e-94
387	387	I745	419.4459951740904	3.382801008821839e-93
533	533	K590	419.30179357184795	3.6362118498151086e-93
367	367	I513	418.95256048962665	4.331407059337621e-93
341	341	I456	418.1156692447276	6.587269013731008e-93
46	46	B957	411.60520641506514	1.718602116378572e-91
194	194	G808	409.70636399650084	4.449540101755935e-91
246	246	H903	408.9597339043677	6.46791540497285e-91
1053	1053	Q620	406.8418649364952	1.8688205884922032e-90
195	195	G809	406.2814305815798	2.4746134458541793e-90
811	811	P838	406.22802290277406	2.5417210132522463e-90
389	389	I749	399.8368419988261	6.248291152506763e-89
352	352	I483	398.28690807266776	1.3583613926459659e-88
294	294	I309	396.3270549266599	3.626354518571187e-88
517	517	K402	393.83760210634597	1.2623289212376535e-87
324	324	I421	392.6089005649177	2.3363633386217646e-87
492	492	K006	389.0854626344234	1.3654037056071504e-86
400	400	I958	385.13134339095524	9.902049714408399e-86
356	356	I491	385.09372013187004	1.009049573949961e-85
135	135	E871	382.6161926951101	3.4919332680109086e-85
1167	1167	R062	380.71238487679585	9.065150802063884e-85
310	310	I358	379.64612804336525	1.5467422070807845e-84
1186	1186	R198	378.9695780924951	2.1709626562214833e-84
440	440	J351	377.79104044838834	3.918626887275449e-84
800	800	P780	376.80892453093423	6.410186485297007e-84
435	435	J218	372.33272102857376	6.040086927573536e-83
359	359	I494	369.49796795170226	2.5003416950467768e-82
709	709	P228	367.58781448119356	6.512289811115492e-82
477	477	J9611	366.8040034684909	9.645567563455852e-82
1063	1063	Q632	366.6904065017872	1.0210615283818148e-81
812	812	P839	363.4021516571052	5.305710567505219e-81
314	314	I362	360.5772087285957	2.1858031481391177e-80
854	854	Q079	359.7658124486591	3.2826122867186986e-80
151	151	F802	356.3780728105958	1.7931172607494903e-79
348	348	I479	355.15888641006785	3.3035975442045425e-79
137	137	E873	351.2483048545548	2.345400576482175e-78
645	645	N133	351.0329377959542	2.6127484525330874e-78
1193	1193	R278	350.1640569183085	4.038632971728958e-78
482	482	J982	347.40085622684234	1.6133705126385266e-77
1223	1223	R601	345.4562799354064	4.27605297504016e-77
949	949	Q270	345.00670808892687	5.356857752444314e-77
357	357	I492	343.0514098545385	1.427455841291542e-76
148	148	F452	341.8594256708602	2.5944890316331317e-76
1162	1162	R048	340.3426061598201	5.549582801100133e-76
1224	1224	R609	337.82714851043085	1.9583077448272012e-75
203	203	G931	336.7326307254501	3.389721559045347e-75
829	829	P960	336.7178892311673	3.4148635475311005e-75
1180	1180	R160	336.6519847194618	3.5295654978886806e-75
925	925	Q242	336.3744749353751	4.0563670155890353e-75
1031	1031	Q531	331.39729369803166	4.9174023806753405e-74
340	340	I455	331.2456962082253	5.3056840103566545e-74
1071	1071	Q649	329.43854982926104	1.312789654261083e-73
439	439	J348	328.8855436534952	1.7321985127809912e-73
942	942	Q260	327.8070816337928	2.9744473983532373e-73
982	982	Q360	325.28776334819645	1.0518072788432349e-72
1184	1184	R18	324.0656736746905	1.9410034283856455e-72
711	711	P239	322.3545439391554	4.577229406615282e-72
818	818	P918	321.6959414093335	6.368052867510065e-72
468	468	J950	320.5953779304681	1.1057205195957673e-71
1118	1118	Q795	319.78087135936227	1.6634101101424695e-71
344	344	I469	319.6063564351279	1.8155120108786283e-71
1206	1206	R478	318.8887338220749	2.6017092806421916e-71
1021	1021	Q447	316.1307821623658	1.0370596270943372e-70
866	866	Q138	309.9822013615329	2.2632116059447246e-69
140	140	E876	309.53205277047573	2.836309530020236e-69
133	133	E86	308.0191211958753	6.05657486303454e-69
1088	1088	Q676	306.2592079246079	1.4638391144710963e-68
309	309	I352	303.4794780359967	5.900200934057354e-68
155	155	F819	301.6618102591228	1.4680191993945379e-67
1256	1256	R908	300.72176532712473	2.352149541936786e-67
734	734	P292	300.4712922438343	2.6669573229192944e-67
1085	1085	Q673	300.40432513259753	2.7580429340063236e-67
1264	1264	R935	300.30185327940814	2.903478936114672e-67
128	128	E639	300.043657475033	3.304852283790742e-67
390	390	I771	299.5805401024258	4.168851768635894e-67
432	432	J206	297.3250518886521	1.291984757394437e-66
876	876	Q170	297.0245717213595	1.502112305260132e-66
783	783	P701	291.2563613542642	2.7106546373905057e-65
1081	1081	Q668	289.8520088215193	5.4823846555388654e-65
702	702	P102	288.39414011019994	1.1390099185902126e-64
1164	1164	R05	287.2053476412066	2.0676585356195547e-64
216	216	H500	286.2976584698042	3.2598745701892965e-64
219	219	H509	283.7503926532831	1.1697277520892461e-63
312	312	I360	281.2569188016236	4.0857251168477565e-63
1078	1078	Q660	277.89887312091264	2.2020284072385126e-62
396	396	I829	277.13608375110846	3.2285096552681615e-62
1006	1006	Q402	276.4580760249978	4.536411546395692e-62
132	132	E835	274.8240867030575	1.0296701918345117e-61
1213	1213	R508	274.3938281515112	1.2777235185419479e-61
326	326	I423	273.9011743273228	1.6359504751861694e-61
1154	1154	R002	271.87471644450017	4.521446691950156e-61
280	280	I254	268.73818787734564	2.1810358966778724e-60
1002	1002	Q398	268.4904892507471	2.469634082334164e-60
277	277	I240	267.9606071635809	3.2217110749943465e-60
104	104	E031	267.72941247305704	3.61793699468311e-60
181	181	G473	267.3872073590723	4.29559667682496e-60
354	354	I489	265.92051873279905	8.966069942812587e-60
495	495	K011	265.9158032940078	8.987307195101393e-60
650	650	N179	264.8835475005068	1.508527809403255e-59
1272	1272	R99	263.9054272698897	2.46424793697552e-59
109	109	E161	263.3139908335095	3.3155771699398432e-59
791	791	P741	259.70185851169293	2.030826020544895e-58
843	843	Q042	256.6682420989957	9.305875369415343e-58
1091	1091	Q680	256.2100065040681	1.1711661926111065e-57
859	859	Q112	255.6054798042965	1.5862131022792126e-57
830	830	P961	254.6992779801963	2.4994834030657524e-57
393	393	I801	253.61664635025755	4.3032063265620434e-57
48	48	B961	247.9502825129181	7.391842672598092e-56
1234	1234	R688	247.55764291923094	9.001839250471111e-56
1056	1056	Q623	246.5552955911749	1.4886837786008328e-55
788	788	P718	245.4258342662097	2.624121235777929e-55
249	249	H906	245.02510867297403	3.2086965115797213e-55
29	29	B349	240.80986351697186	2.6616326363150445e-54
434	434	J211	239.742789563544	4.5473133996423824e-54
754	754	P522	238.99749493238247	6.610298430353825e-54
1005	1005	Q401	238.55343664324383	8.260798482218061e-54
873	873	Q164	237.03038893525363	1.7743511839148752e-53
561	561	K921	236.4125599510936	2.4195031301166818e-53
267	267	I098	236.37815543168531	2.46165061386414e-53
1217	1217	R570	233.15517167478427	1.2412580096657853e-52
1245	1245	R798	230.8637697964311	3.921316127682983e-52
42	42	B952	230.26655171532468	5.2922525220782884e-52
1197	1197	R34	228.7540922037358	1.1308420582837061e-51
489	489	K001	226.9354184702823	2.8179955191033427e-51
1182	1182	R162	226.07088408373164	4.349566156635254e-51
1062	1062	Q631	220.7653905804697	6.242300523232949e-50
868	868	Q142	219.8939624083971	9.66891522870508e-50
1266	1266	R940	218.322535981694	2.128477146784058e-49
1104	1104	Q709	217.01971465302375	4.09442180934247e-49
442	442	J353	216.74810511735626	4.6927466202464474e-49
1018	1018	Q442	216.16355865650166	6.293762042319047e-49
822	822	P923	216.06900817800724	6.599801930336577e-49
301	301	I339	215.8865772057513	7.232984388080234e-49
839	839	Q031	214.66055455377094	1.3387722220330152e-48
991	991	Q381	214.6271412674465	1.3614260576654466e-48
241	241	H729	210.34067147440518	1.1719513328288647e-47
756	756	P524	209.963956452177	1.4160504269355027e-47
684	684	P034	208.081695753583	3.6445890714721447e-47
1267	1267	R942	207.27388128271434	5.4683894343950715e-47
